3 0.151367 0.153061 0.279297 0.287570
3 0.496094 0.143785 0.312500 0.269017
3 0.843262 0.157699 0.295898 0.289425
3 0.831055 0.503711 0.326172 0.269017
3 0.150391 0.493506 0.279297 0.293135
3 0.485840 0.464750 0.286133 0.320965
3 0.511230 0.807978 0.336914 0.287570
3 0.843262 0.810761 0.291992 0.278293
3 0.157227 0.824675 0.291016 0.265306
0 0.776855 0.741187 0.094727 0.120594
0 0.710938 0.409091 0.050781 0.042672
0 0.767090 0.398887 0.061523 0.048237
0 0.843262 0.395176 0.090820 0.048237
0 0.743652 0.482375 0.057617 0.051948
0 0.820312 0.491651 0.078125 0.055659
